naca_lc = 0.050000;
Lx_plus = 1.500000;
Lx_minus = -0.500000;
