airfoil_cl = 0.005000;
wall_cl = 0.100000;
Lx_plus = 1.500000;
Lx_minus = -0.500000;
Ly_plus = 0.500000;
Ly_minus = -0.500000;