Point(1) = {0.000000, 0.000000, 0.000000, 1.000000};
Point(2) = {0.006819, 0.014185, 0.000000, 1.000000};
Point(3) = {0.027091, 0.027121, 0.000000, 1.000000};
Point(4) = {0.060263, 0.038445, 0.000000, 1.000000};
Point(5) = {0.105430, 0.047719, 0.000000, 1.000000};
Point(6) = {0.161359, 0.054541, 0.000000, 1.000000};
Point(7) = {0.226526, 0.058654, 0.000000, 1.000000};
Point(8) = {0.299152, 0.060007, 0.000000, 1.000000};
Point(9) = {0.377257, 0.058770, 0.000000, 1.000000};
Point(10) = {0.458710, 0.055295, 0.000000, 1.000000};
Point(11) = {0.541290, 0.050047, 0.000000, 1.000000};
Point(12) = {0.622743, 0.043533, 0.000000, 1.000000};
Point(13) = {0.700848, 0.036253, 0.000000, 1.000000};
Point(14) = {0.773474, 0.028672, 0.000000, 1.000000};
Point(15) = {0.838641, 0.021228, 0.000000, 1.000000};
Point(16) = {0.894570, 0.014344, 0.000000, 1.000000};
Point(17) = {0.939737, 0.008430, 0.000000, 1.000000};
Point(18) = {0.972909, 0.003870, 0.000000, 1.000000};
Point(19) = {0.993181, 0.000987, 0.000000, 1.000000};
Point(20) = {1.000000, -0.000000, 0.000000, 1.000000};
Point(21) = {0.006819, -0.014185, 0.000000, 1.000000};
Point(22) = {0.027091, -0.027121, 0.000000, 1.000000};
Point(23) = {0.060263, -0.038445, 0.000000, 1.000000};
Point(24) = {0.105430, -0.047719, 0.000000, 1.000000};
Point(25) = {0.161359, -0.054541, 0.000000, 1.000000};
Point(26) = {0.226526, -0.058654, 0.000000, 1.000000};
Point(27) = {0.299152, -0.060007, 0.000000, 1.000000};
Point(28) = {0.377257, -0.058770, 0.000000, 1.000000};
Point(29) = {0.458710, -0.055295, 0.000000, 1.000000};
Point(30) = {0.541290, -0.050047, 0.000000, 1.000000};
Point(31) = {0.622743, -0.043533, 0.000000, 1.000000};
Point(32) = {0.700848, -0.036253, 0.000000, 1.000000};
Point(33) = {0.773474, -0.028672, 0.000000, 1.000000};
Point(34) = {0.838641, -0.021228, 0.000000, 1.000000};
Point(35) = {0.894570, -0.014344, 0.000000, 1.000000};
Point(36) = {0.939737, -0.008430, 0.000000, 1.000000};
Point(37) = {0.972909, -0.003870, 0.000000, 1.000000};
Point(38) = {0.993181, -0.000987, 0.000000, 1.000000};
Point(39) = {1.000000, 0.000000, 0.000000, 1.000000};
Line(0) = {0, 1};
Line(1) = {1, 2};
Line(2) = {2, 3};
Line(3) = {3, 4};
Line(4) = {4, 5};
Line(5) = {5, 6};
Line(6) = {6, 7};
Line(7) = {7, 8};
Line(8) = {8, 9};
Line(9) = {9, 10};
Line(10) = {10, 11};
Line(11) = {11, 12};
Line(12) = {12, 13};
Line(13) = {13, 14};
Line(14) = {14, 15};
Line(15) = {15, 16};
Line(16) = {16, 17};
Line(17) = {17, 18};
Line(18) = {18, 19};
Line(19) = {19, 20};
Line(20) = {20, 21};
Line(21) = {21, 22};
Line(22) = {22, 23};
Line(23) = {23, 24};
Line(24) = {24, 25};
Line(25) = {25, 26};
Line(26) = {26, 27};
Line(27) = {27, 28};
Line(28) = {28, 29};
Line(29) = {29, 30};
Line(30) = {30, 31};
Line(31) = {31, 32};
Line(32) = {32, 33};
Line(33) = {33, 34};
Line(34) = {34, 35};
Line(35) = {35, 36};
Line(36) = {36, 37};
Line(37) = {37, 38};
Line(38) = {38, 39};
